0
[ -3.3837523 0.84936523 7.2683353 ] ;[ -3.8546143 0.82125247 10.57301 ] ;[ -3.7141602 0.93531495 10.599817 ] ;[ -5.661658 0.40913087 10.044995 ] ;[ -7.7043095 -1.2692627 9.749842 ] ;[ -7.5588017 -1.535022 9.3046875 ] ;[ -6.7838993 -2.1412232 7.103308 ] ;[ -6.29126 -2.782849 6.4848022 ] ;[ -5.382239 -3.2671876 6.0428467 ] ;[ -5.227136 -3.4684572 5.65647 ] ;[ -4.9335084 -3.7000368 5.9374027 ] ;[ -4.383508 -4.231787 5.891382 ] ;[ -4.1423583 -4.2851563 5.6633177 ] ;[ -3.6913452 -4.0524535 5.4497313 ] ;[ -2.312378 -3.6205933 7.1993775 ] ;[ -1.6457887 -3.3022828 7.7161255 ] ;[ -0.9922852 -2.7700562 8.208471 ] ;[ -0.7505249 -2.354297 8.238391 ] ;[ -0.041430663 -1.8227906 8.545507 ] ;[ 0.13011475 -1.704773 8.556763 ] ;[ -0.24301758 -1.9502076 7.905371 ] ;[ 0.12429199 -1.5292603 8.957495 ] ;[ 0.15600586 -1.3486694 7.611414 ] ;[ 0.79138184 -1.0189698 7.4446535 ] ;[ 0.8099731 -0.43793947 7.5902348 ] ;[ 1.0379517 -0.16361085 7.578931 ] ;[ 1.060498 0.7956055 8.100794 ] ;[ 1.618335 1.0036987 9.60321 ] ;
0
[ -3.8541017 0.95054936 5.938306 ] ;[ -4.619275 0.6024658 9.739441 ] ;[ -4.944751 0.40511477 10.163538 ] ;[ -5.063745 0.13416748 10.291931 ] ;[ -6.845764 -1.3970826 8.507177 ] ;[ -6.654175 -1.6018921 8.933813 ] ;[ -6.4265385 -1.63761 8.895227 ] ;[ -5.1320558 -2.4121215 6.619898 ] ;[ -4.0573974 -2.3111205 6.9511595 ] ;[ -3.565918 -2.260022 7.1127687 ] ;[ -3.0355103 -2.1608155 7.32638 ] ;[ -0.31610107 -1.7327881 5.516504 ] ;[ 0.12642822 -1.6434448 7.2296753 ] ;[ 0.15820313 -1.0201538 7.0763917 ] ;[ 2.3260255 -0.29918212 8.53136 ] ;[ 2.5101318 -0.21120605 8.811694 ] ;[ 0.96724856 -0.5760864 7.2795534 ] ;[ 1.4783082 -0.47781983 7.1091676 ] ;[ 2.2621093 0.74591064 8.119385 ] ;[ 2.8066285 1.5228516 10.308032 ] ;[ 2.3533204 1.9143434 10.386523 ] ;[ 1.3879029 1.6062379 9.660498 ] ;[ 1.5232055 1.454773 10.508667 ] ;[ 1.9125245 1.0736939 10.238195 ] ;[ 1.9125245 1.0736939 10.238195 ] ;
0
[ -5.3197265 1.6109498 9.961451 ] ;[ -6.204175 1.4325196 10.946081 ] ;[ -7.0513916 0.76790774 10.674609 ] ;[ -9.259961 -0.296167 12.781507 ] ;[ -8.963282 -0.49987793 11.022571 ] ;[ -8.644934 -1.7927003 10.289111 ] ;[ -8.227002 -1.9049927 9.765637 ] ;[ -7.647852 -2.036084 9.061035 ] ;[ -6.8477173 -2.3581543 7.6244144 ] ;[ -6.3047853 -2.4942384 6.8846073 ] ;[ -5.6858034 -2.9537232 6.6259522 ] ;[ -5.1251464 -3.250928 6.1572514 ] ;[ -4.213147 -3.7019289 6.00105 ] ;[ 2.1843383 -1.7488403 5.6649046 ] ;[ 3.031714 -0.44704592 7.475708 ] ;[ 4.2967043 0.6668091 7.927832 ] ;[ 3.6441896 0.8751465 8.881299 ] ;[ 2.1914306 0.53127444 9.591931 ] ;[ 2.0199828 0.43100587 9.738477 ] ;[ 2.173352 0.32176512 10.313074 ] ;[ 2.6618774 0.71240234 11.397107 ] ;[ 3.5652344 1.6239746 12.610486 ] ;[ 2.0341187 0.77200925 13.521741 ] ;[ 2.2645142 0.65063477 11.909901 ] ;[ 2.4912477 0.74099123 11.67146 ] ;[ 2.6094117 0.8263428 10.751867 ] ;[ 2.6094117 0.8263428 10.751867 ] ;
0
[ -4.420264 1.4951782 8.515112 ] ;[ -5.203931 1.5561768 7.867017 ] ;[ -5.285535 1.669934 7.8004518 ] ;[ -5.3095336 1.7812257 7.796314 ] ;[ -6.5272217 0.7922852 8.628222 ] ;[ -9.234339 -0.85560304 7.96178 ] ;[ -8.620325 -0.8326538 7.892798 ] ;[ -7.212012 -0.8874512 8.111328 ] ;[ -6.406995 -1.1300538 8.711169 ] ;[ -6.1454716 -1.8858887 9.42008 ] ;[ -5.7217774 -1.790271 8.727063 ] ;[ -5.2000856 -2.0892456 7.9217653 ] ;[ -4.2637696 -2.5385253 7.7487917 ] ;[ -3.4179688 -2.767737 5.8645506 ] ;[ -2.5444946 -2.7585938 6.3291626 ] ;[ -2.0522704 -2.672229 6.7883425 ] ;[ -1.0319703 -2.899585 7.7378297 ] ;[ 0.4529053 -2.411853 6.738257 ] ;[ 2.168567 -1.0296631 6.4714723 ] ;[ 2.3308594 -0.8997803 6.736243 ] ;[ 1.7049072 -0.34724122 8.464856 ] ;[ 1.4927979 -0.33287352 8.536181 ] ;[ 1.1347167 -0.05601807 8.507629 ] ;[ 1.6336548 0.13482666 6.778857 ] ;[ 1.9514527 0.20201416 7.055603 ] ;[ 1.9667726 -0.048339844 8.958948 ] ;[ 2.4000244 0.27955323 8.104114 ] ;[ 2.535022 0.22178955 7.7735963 ] ;[ 2.3763428 0.1553711 8.480334 ] ;[ 2.7667115 0.9642456 9.423572 ] ;[ 3.608594 1.5612427 9.506556 ] ;
0
[ -4.26488 2.6310182 6.246155 ] ;[ -4.437158 2.4906616 8.197278 ] ;[ -4.563159 2.479248 9.873438 ] ;[ -4.70105 2.8071656 10.007898 ] ;[ -5.4311647 2.8661132 10.006238 ] ;[ -7.499805 2.144568 10.960437 ] ;[ -8.649145 1.1819214 10.139917 ] ;[ -8.802442 0.5965576 10.453137 ] ;[ -9.271326 -0.9170166 9.536779 ] ;[ -8.239136 -1.1570435 8.699865 ] ;[ -7.8732057 -1.4867921 8.674707 ] ;[ -7.382202 -2.1802368 8.725256 ] ;[ -6.117297 -2.7421997 7.8521485 ] ;[ -5.2891235 -3.0431762 6.6903443 ] ;[ 1.0590699 -1.981897 4.134473 ] ;[ 0.9482544 -1.908423 4.4198484 ] ;[ 2.4525757 -1.1401978 6.294177 ] ;[ 2.0906982 -0.5599243 8.8448 ] ;[ 3.0357666 -0.55891114 9.1307125 ] ;[ 4.420703 0.35599366 11.576574 ] ;[ 4.446533 0.8691162 12.776013 ] ;[ 3.989856 0.89918214 13.448339 ] ;[ 1.9048096 0.6652466 10.894788 ] ;[ 2.0710816 0.72084963 11.207105 ] ;[ 2.0480957 0.77572024 11.625671 ] ;[ 3.0177855 0.4996338 9.613281 ] ;[ 3.0177855 0.4996338 9.613281 ] ;[ 3.0177855 0.4996338 9.613281 ] ;
0
[ -3.7032228 1.8101441 8.381556 ] ;[ -3.6753786 1.8316773 8.424475 ] ;[ -8.4956665 -1.1296021 6.2591677 ] ;[ -8.621363 -1.5296509 7.184363 ] ;[ -7.6035523 -1.8751343 7.730298 ] ;[ -7.1540403 -2.3324585 7.502454 ] ;[ -7.6368656 -3.36344 7.5140505 ] ;[ -7.028052 -3.5181398 7.9572635 ] ;[ -6.5249634 -3.635559 8.085986 ] ;[ -3.0065796 -3.4411745 8.557837 ] ;[ -1.2432007 -3.1661255 9.154419 ] ;[ -0.9330323 -3.0133667 8.613147 ] ;[ 0.0016357421 -2.817798 8.508227 ] ;[ 1.5762451 -1.3239746 7.0220947 ] ;[ 1.4260375 -1.4337403 7.2379518 ] ;[ 1.0854248 -1.2222656 7.41864 ] ;[ 1.7565918 -1.1419067 7.8680544 ] ;[ 2.2506957 -0.6551758 6.639185 ] ;[ 2.1339355 0.034484863 8.012952 ] ;[ 2.8346436 0.29556885 6.90824 ] ;[ 1.4730103 0.6130737 10.016455 ] ;[ 0.9046509 0.6840088 7.59021 ] ;[ -0.5338501 0.40043944 8.579724 ] ;[ -1.1802734 0.015270997 9.162207 ] ;[ -0.7872559 -0.24525148 9.464636 ] ;[ -0.3291626 -0.17420654 9.42467 ] ;[ 0.8769165 0.23402101 8.70426 ] ;[ 3.1317873 1.3765503 6.5346556 ] ;[ 3.1317873 1.3765503 6.5346556 ] ;
0
[ 3.1317873 1.3765503 6.5346556 ] ;[ -1.6132569 1.2690064 8.185755 ] ;[ -1.6668091 1.4827759 8.033447 ] ;[ -2.2401733 1.4417236 8.1879635 ] ;[ -3.3986206 1.0139526 8.861536 ] ;[ -3.1108642 1.0519531 9.071985 ] ;[ -2.680725 1.171582 8.585779 ] ;[ -3.033484 0.7558228 8.070765 ] ;[ -3.1849122 0.46103516 8.542102 ] ;[ -2.7572753 0.53530276 8.085047 ] ;[ -2.6434205 0.28981933 8.345728 ] ;[ -2.3726563 0.22998047 8.471838 ] ;[ -1.8393677 0.45457765 8.285925 ] ;[ -1.135498 0.41286623 7.6548343 ] ;[ -1.1976197 0.41972655 7.92168 ] ;[ -0.7544678 0.11746827 7.31604 ] ;[ 0.098608404 0.397583 8.143335 ] ;[ 0.041101076 0.5571167 7.5446534 ] ;[ 0.120922856 0.69040525 7.4641237 ] ;[ 0.13614503 0.7632446 7.4381595 ] ;[ 0.22518311 0.84685063 7.649719 ] ;[ -0.6916016 0.46791995 7.687085 ] ;[ -0.6686157 0.46445313 8.030383 ] ;[ -0.40017092 0.55963135 8.172046 ] ;[ -0.22904053 0.58465576 7.720484 ] ;[ -0.37539065 0.51854247 7.9622927 ] ;[ -0.4558594 0.4456421 8.052832 ] ;[ 0.047717288 0.38691407 6.8506107 ] ;[ 0.077856444 0.18774414 8.301416 ] ;[ 0.042541504 0.038146973 8.376368 ] ;[ -0.24177247 -0.09876709 8.431226 ] ;
0
[ 4.339368 0.20727539 11.762854 ] ;[ -2.4223633 0.52585447 8.642237 ] ;[ -2.124817 0.50773925 9.175415 ] ;[ -1.8130982 0.67858887 10.144275 ] ;[ -4.595044 -0.0427124 9.8883915 ] ;[ -4.999817 -0.04522705 10.06471 ] ;[ -4.646118 0.086364746 10.085401 ] ;[ -4.551001 0.438208 9.954455 ] ;[ -5.05802 0.5558716 9.482946 ] ;[ -4.683313 0.22380371 9.139697 ] ;[ -6.4992676 -0.96258545 8.84845 ] ;[ -6.279846 -1.4049804 8.078577 ] ;[ -1.8678223 -0.76408696 4.8855224 ] ;[ -2.1940796 -0.67722166 5.381677 ] ;[ -0.8542359 0.3806885 4.745776 ] ;[ -1.1153809 0.4467163 5.3848267 ] ;[ -0.49071047 0.6446899 6.1757813 ] ;[ 0.43847656 0.5820557 5.985132 ] ;[ 1.765332 0.2709961 7.479761 ] ;[ 0.5395508 0.91815186 10.289014 ] ;[ 0.2374878 0.9157837 10.627734 ] ;[ 0.30878907 1.2332398 10.7050295 ] ;[ 0.68486327 1.4433715 10.437439 ] ;[ 1.8132203 1.8327881 9.967138 ] ;[ 1.8132203 1.8327881 9.967138 ] ;
0
[ 1.8132203 1.8327881 9.967138 ] ;[ -4.739844 0.6302856 9.5901 ] ;[ -4.509595 0.8730347 9.112292 ] ;[ -4.059143 0.8718384 9.033545 ] ;[ -7.3758793 -0.5679687 8.038183 ] ;[ -6.4855347 -0.7669312 8.465235 ] ;[ -5.088196 -0.7510865 8.0849 ] ;[ -4.4744873 -0.75448 7.610242 ] ;[ -4.8366575 -1.54375 6.496045 ] ;[ -3.5302124 -1.3716797 6.30968 ] ;[ -2.4195678 -1.4649048 6.678088 ] ;[ -1.954065 -1.3084106 6.6591187 ] ;[ -3.3654785 -2.1415648 6.89552 ] ;[ -2.296765 -1.3355957 7.249341 ] ;[ -1.8917847 -1.2465576 7.0711184 ] ;[ -0.7839966 -1.2358032 6.4401 ] ;[ -1.9812866 -1.5619141 7.4357667 ] ;[ -0.02421875 -0.8650391 7.8968506 ] ;[ 0.19824219 -0.2760376 8.142407 ] ;[ 0.5258179 -0.059326172 7.9802737 ] ;[ 0.08743896 -0.07764892 7.993347 ] ;[ 0.41304934 -0.07539062 8.259863 ] ;[ 1.2461914 0.016552735 8.124182 ] ;[ -0.8489502 -0.062145997 7.506763 ] ;[ 0.6635376 0.5378784 7.777234 ] ;[ 0.9371338 0.69804686 8.058789 ] ;[ 0.11740723 0.8406006 8.886938 ] ;[ -0.2633911 0.8249756 8.892847 ] ;[ -0.08006592 0.87402344 7.819519 ] ;[ -0.22424316 0.8277832 8.322229 ] ;[ -1.0095947 0.46760255 8.474157 ] ;
0
[ 1.1743164 0.73463136 6.791272 ] ;[ -3.1675415 1.2260742 7.486353 ] ;[ -3.418274 1.0745728 8.472998 ] ;[ -3.3994508 1.0757446 9.018847 ] ;[ -3.4952517 1.5672241 8.921618 ] ;[ -4.0721803 1.4288208 8.7734375 ] ;[ -4.322644 1.4971802 8.324366 ] ;[ -4.4908814 1.4572632 8.464539 ] ;[ -4.4908814 1.4572632 8.464539 ] ;[ -4.1174684 1.3182373 9.0846195 ] ;[ -3.943384 0.6817993 8.348987 ] ;[ -2.670569 -0.5131348 6.6870604 ] ;[ -1.5753418 -0.3300659 7.0426273 ] ;[ -1.2780517 -0.18803711 7.3500004 ] ;[ -0.9961426 -0.11993408 7.3056154 ] ;[ -0.38323975 0.11357422 7.0695925 ] ;[ 1.0495117 0.6092407 6.7775393 ] ;[ 1.1684449 0.68996584 6.80437 ] ;[ 0.72806394 0.58529055 7.3325443 ] ;[ 0.87539065 0.22232667 6.271289 ] ;[ 1.0276489 0.24683839 6.5934324 ] ;[ 0.016833495 0.21713868 9.414929 ] ;[ 1.1327515 0.8426758 10.515051 ] ;[ 0.9363282 0.74179685 10.624695 ] ;[ 0.87696534 0.94416505 11.221949 ] ;[ 0.94764405 1.139563 12.025513 ] ;[ 2.0339355 0.787207 10.950525 ] ;[ 2.0339355 0.787207 10.950525 ] ;
0
[ 1.8657837 1.055542 11.679798 ] ;[ -1.3389404 1.0433594 7.414612 ] ;[ -1.6694825 0.71129155 8.598511 ] ;[ -3.3600953 1.0788574 8.008533 ] ;[ -3.570984 0.94239503 8.009473 ] ;[ -3.7474122 0.74099123 8.537842 ] ;[ -4.9098754 0.63846433 8.453748 ] ;[ -4.5292115 0.69384766 9.093054 ] ;[ -4.9432983 0.58762205 9.497034 ] ;[ -4.7412963 0.45950928 8.971301 ] ;[ -4.177747 0.60426027 8.92417 ] ;[ -3.6982546 0.8591431 8.182813 ] ;[ -3.4328003 0.9833496 7.4338136 ] ;[ -3.2973022 0.9006104 7.1829348 ] ;[ -3.3642578 0.5873047 7.7210083 ] ;[ -4.2715697 -0.07677002 7.4780397 ] ;[ -4.4447265 -0.69127196 7.9300537 ] ;[ -3.8592408 -0.78690183 7.77677 ] ;[ -3.0197878 -0.6641113 6.8053226 ] ;[ -3.0197878 -0.6641113 6.8053226 ] ;[ -3.2757568 -1.3195312 6.1411257 ] ;[ -3.134253 -1.1197388 6.450989 ] ;[ -2.1676393 -0.7949585 7.319397 ] ;[ -0.9778687 -0.84873044 7.1849976 ] ;[ -2.031775 -1.4060669 7.8580813 ] ;[ -0.16343994 -1.0152222 7.595508 ] ;[ 1.0106323 -0.56013185 6.837219 ] ;[ -0.03487549 -0.7807373 7.5264773 ] ;[ -0.21184082 -0.6296875 7.5969605 ] ;[ 0.30045167 -0.43863526 7.2178593 ] ;[ 0.13656005 -0.45314944 7.9267826 ] ;
0
[ 0.6673218 0.89445806 7.635889 ] ;[ 0.6673218 0.89445806 7.635889 ] ;[ -2.579309 2.5647094 10.96018 ] ;[ -1.2582397 3.1292481 11.267248 ] ;[ -0.19680175 3.941736 9.628967 ] ;[ -2.1245484 2.9083986 9.867798 ] ;[ -3.1889772 2.5166383 9.913074 ] ;[ -5.7198124 1.9440675 9.892883 ] ;[ -5.3787355 2.1671631 9.867908 ] ;[ -4.367151 2.2691772 9.237818 ] ;[ -4.356824 1.8117676 9.381238 ] ;[ -4.96853 0.73991704 8.43689 ] ;[ -4.604773 0.4497803 7.784009 ] ;[ -3.2838259 -1.187793 5.41239 ] ;[ -2.3001587 -1.3567626 5.916748 ] ;[ -0.2706665 -1.0326416 7.0791626 ] ;[ 3.0974855 0.27323 9.56217 ] ;[ 3.023889 0.32941896 9.991382 ] ;[ 2.77052 1.079956 10.8730955 ] ;[ 0.0073242188 0.59882814 12.8432865 ] ;[ 0.23532715 0.4602417 13.088404 ] ;[ 0.5539673 -0.122448735 12.579798 ] ;[ 0.16446534 -0.8130127 10.379419 ] ;[ 0.6782471 -0.7200806 9.877088 ] ;[ 0.6782471 -0.7200806 9.877088 ] ;
0
[ 0.67733157 -0.121240236 10.103907 ] ;[ -1.6116577 1.2341553 8.123926 ] ;[ -2.1919556 1.268103 9.431323 ] ;[ -2.8887818 1.6639893 9.58479 ] ;[ -4.561011 1.5237184 9.047205 ] ;[ -5.507422 1.1826293 9.896692 ] ;[ -5.422278 1.0655762 10.132959 ] ;[ -4.8401365 1.120813 9.438159 ] ;[ -4.7543945 0.92614746 8.955884 ] ;[ -4.526648 -0.26499024 8.327246 ] ;[ -4.007947 -0.49277344 8.159558 ] ;[ -3.551587 -0.5218506 8.40138 ] ;[ -3.2509644 -1.1754882 7.676685 ] ;[ -3.1949952 -1.6012207 7.1301394 ] ;[ -2.8172975 -1.874292 7.2926025 ] ;[ -0.07923584 -0.6752197 7.2602296 ] ;[ -1.3161743 -0.7428101 8.830481 ] ;[ -2.3386598 -1.0485718 9.261267 ] ;[ -2.0286498 -1.5321412 7.960535 ] ;[ -0.08509521 -1.6779542 7.618994 ] ;[ -0.0143554695 -2.369641 7.249463 ] ;[ 0.4446289 -2.1312988 7.423523 ] ;[ 1.1674683 -1.740979 7.510364 ] ;[ 2.8812866 0.63675535 7.4521 ] ;[ 2.189795 1.0237793 8.833557 ] ;[ 1.9327393 1.0977662 9.697095 ] ;[ 2.1326904 0.6984131 8.522082 ] ;[ 1.9170655 0.7630005 9.13844 ] ;[ 1.2378051 0.6364502 10.224414 ] ;[ 1.2390625 0.6154663 10.424121 ] ;[ 1.5923829 0.5765869 10.524023 ] ;
0
[ 1.120044 0.04703369 9.1963625 ] ;[ -3.7031739 1.2870483 9.7428465 ] ;[ -5.6629276 1.0579468 10.53905 ] ;[ -7.244983 0.7605957 8.8105345 ] ;[ -8.523218 0.16353759 9.427747 ] ;[ -10.047559 -0.6171753 9.55979 ] ;[ -10.536548 -1.103125 9.86333 ] ;[ -11.496887 -1.99021 10.106909 ] ;[ -11.500305 -2.8365479 9.674927 ] ;[ -10.468237 -2.967041 8.383667 ] ;[ -9.329468 -3.163147 7.8600345 ] ;[ -8.907959 -3.3180299 7.6306276 ] ;[ -8.011597 -3.748352 7.368372 ] ;[ -5.776245 -4.2911253 6.7025757 ] ;[ -4.0938597 -4.4351807 4.2401733 ] ;[ -3.4567385 -5.081909 3.2808716 ] ;[ -1.5890625 -5.1752806 4.651001 ] ;[ -0.6533203 -5.1123414 4.279907 ] ;[ -0.55678713 -4.8011475 3.737256 ] ;[ -0.4584595 -4.6005735 4.891748 ] ;[ 1.02677 -4.165039 4.579529 ] ;[ 4.9711547 -2.3019042 5.4858274 ] ;[ 4.3788085 -1.8120484 5.6225224 ] ;[ 3.6593018 -1.7987305 5.690295 ] ;[ 3.4973023 -1.6051514 6.6664677 ] ;[ 4.705664 -0.88309324 8.048047 ] ;[ 5.5595946 -0.33553466 8.619995 ] ;[ 1.7875 0.06994629 9.2026615 ] ;[ 2.1908937 0.19824219 10.008337 ] ;[ 2.204187 0.33789063 10.819885 ] ;[ 2.077954 0.24635011 11.430127 ] ;
0
[ -2.608972 1.8743409 8.612513 ] ;[ -2.7459838 1.6494262 8.677454 ] ;[ -3.468213 1.504956 8.925122 ] ;[ -4.2239504 1.7650146 8.272229 ] ;[ -4.8560057 1.6625366 8.468005 ] ;[ -5.4944215 1.5244508 8.763904 ] ;[ -4.924634 1.3916137 9.148328 ] ;[ -4.9255614 1.4297119 9.41062 ] ;[ -7.1244264 0.32235107 8.791919 ] ;[ -7.964917 -0.41016847 9.413416 ] ;[ -8.030103 -0.6328003 9.543286 ] ;[ -7.3199587 -0.7908081 8.938904 ] ;[ -6.3343873 -1.1569458 8.93247 ] ;[ -5.609741 -1.7398316 7.9371095 ] ;[ -5.2770753 -1.7634399 7.7944946 ] ;[ -4.935266 -1.7861207 7.5870852 ] ;[ -3.7660036 -1.9324708 6.8012085 ] ;[ -3.5521364 -2.0479004 6.719324 ] ;[ -2.9958985 -2.1558595 6.5618286 ] ;[ -2.5447998 -3.047864 3.789148 ] ;[ -1.1523682 -3.1325808 3.7355347 ] ;[ 2.3916383 -1.7990967 5.363135 ] ;[ 2.332788 -1.685437 5.56405 ] ;[ 4.547095 -0.97690433 5.5793824 ] ;[ 4.5487304 -0.9712891 5.9135256 ] ;[ 5.0492187 -0.15598145 9.250818 ] ;[ 5.2492065 0.038879395 9.573865 ] ;[ 2.4625 0.48592532 10.80127 ] ;[ 1.2666992 -0.3144409 12.753687 ] ;[ 1.1968384 -0.5274048 13.812073 ] ;[ 2.545337 -0.5997192 11.2542 ] ;
0
[ 2.8959107 -0.7907715 9.672864 ] ;[ -2.0885863 1.3763794 7.8018312 ] ;[ -2.7692018 1.6410401 8.706945 ] ;[ -2.8371215 2.005664 8.081128 ] ;[ -3.1064453 2.4660401 8.3730955 ] ;[ -4.832947 1.6045532 9.751721 ] ;[ -6.729553 0.8737061 9.766736 ] ;[ -7.22428 1.093042 11.016614 ] ;[ -9.228125 -0.30874023 10.938098 ] ;[ -9.062292 -0.7088745 11.076294 ] ;[ -3.8328857 -1.0524536 5.7528687 ] ;[ -2.7456055 -0.75201416 5.192847 ] ;[ -2.35 -0.6756592 5.149829 ] ;[ -1.6361206 -0.65323484 5.0358644 ] ;[ 0.5291626 0.63513184 5.410376 ] ;[ 0.99970704 0.79959714 4.975867 ] ;[ 0.11273193 0.43409425 6.0564213 ] ;[ 0.39038086 0.46068117 6.6581545 ] ;[ 0.22390136 0.25048828 7.730396 ] ;[ 0.6156128 0.36625975 7.8083987 ] ;[ 1.8992798 0.5430908 8.80199 ] ;[ 1.515625 0.41914064 10.00044 ] ;[ 0.8444214 -0.12636718 11.549036 ] ;[ 1.0140747 -0.044555664 12.392492 ] ;[ 1.0056518 0.075524904 13.031458 ] ;[ 0.8943726 -0.053625487 13.596814 ] ;[ 1.2467407 -0.30151367 13.417957 ] ;[ 1.2467407 -0.30151367 13.417957 ] ;[ 1.2467407 -0.30151367 13.417957 ] ;
0
[ 1.2467407 -0.30151367 13.417957 ] ;[ -5.075574 0.82525635 8.473169 ] ;[ -5.476538 0.1515503 9.15553 ] ;[ -6.19668 -0.078063965 9.2762575 ] ;[ -7.679468 -1.5891602 9.483765 ] ;[ -7.25553 -1.6919434 9.539929 ] ;[ -6.7967405 -1.9413209 9.32533 ] ;[ -6.31449 -2.4614868 8.500684 ] ;[ -5.7429323 -2.4697144 8.91969 ] ;[ -4.4034424 -2.4245362 9.016357 ] ;[ -3.902771 -2.3875244 8.540039 ] ;[ -3.3790526 -2.4251099 7.438892 ] ;[ -3.03938 -2.2943358 7.1822996 ] ;[ -2.4180787 -1.8227296 7.1558104 ] ;[ -0.087524414 -0.64173585 7.180664 ] ;[ 0.9044068 -0.16035156 6.3303957 ] ;[ 1.8432862 -0.2152954 5.8196287 ] ;[ 1.734314 -0.26676026 7.527991 ] ;[ 1.1987915 -0.6333496 9.010157 ] ;[ 0.33597413 -1.2204224 6.9194336 ] ;[ 0.09051514 -0.47447512 7.983289 ] ;[ 0.4206543 -0.3399414 7.2644043 ] ;[ 0.8843628 -0.24169922 7.09801 ] ;[ 1.3204956 -0.043896485 7.215454 ] ;[ 2.067859 0.9389893 7.4643555 ] ;[ 1.1058594 0.84976804 7.6480103 ] ;[ 1.0283935 0.45122072 9.283178 ] ;[ 1.5007569 0.4243164 9.249743 ] ;[ 1.7721192 0.010583496 10.042908 ] ;[ 1.7542359 0.014904786 10.392993 ] ;[ 2.0504272 0.11240235 10.270691 ] ;
0
[ -2.0246582 1.9216187 8.533582 ] ;[ -1.6287231 1.9331055 10.172009 ] ;[ -4.694519 0.7977295 9.3144655 ] ;[ -5.1595583 0.14669189 9.310522 ] ;[ -8.6119995 -3.1905031 7.1276 ] ;[ -7.695508 -3.5512085 6.60188 ] ;[ -7.2427735 -3.687903 6.408484 ] ;[ -6.255127 -3.8302736 6.725647 ] ;[ -5.1134033 -3.7357423 6.878003 ] ;[ -4.375879 -4.3410034 5.683179 ] ;[ -2.6465697 -4.136145 5.5635376 ] ;[ -1.743396 -3.7814941 4.754773 ] ;[ -1.2023071 -3.6763673 4.9686036 ] ;[ -0.5843994 -3.4034548 5.815613 ] ;[ -0.0037597658 -3.4187746 5.6829834 ] ;[ 0.65234375 -2.9747193 5.6701784 ] ;[ 0.89378667 -2.702832 5.7794924 ] ;[ 2.0179687 -2.3721192 5.123291 ] ;[ 2.553308 -1.7052246 5.736487 ] ;[ 2.6964722 -1.0913452 5.818433 ] ;[ 2.5583253 -1.0895141 5.857935 ] ;[ 2.607141 -0.7695191 6.9663944 ] ;[ 2.746167 -0.49868166 7.7331057 ] ;[ 2.9227173 -0.21738282 8.4234495 ] ;[ 3.5224977 0.4845337 8.693237 ] ;[ 4.342041 1.0555176 9.356323 ] ;[ 5.0533323 1.7397461 9.470581 ] ;[ 4.703931 1.8050904 9.605103 ] ;[ 4.171033 1.754956 10.468518 ] ;
0
[ -7.1069093 0.09760742 7.6146607 ] ;[ -6.737915 0.05616455 9.190699 ] ;[ -9.076782 -0.9504761 8.896521 ] ;[ -8.77052 -1.4450195 8.214331 ] ;[ -8.66427 -1.6832397 8.004297 ] ;[ -9.152514 -2.5140748 7.86438 ] ;[ -8.898132 -2.8047118 7.983716 ] ;[ -8.458753 -2.8932495 7.807556 ] ;[ -7.295874 -3.326538 7.6682987 ] ;[ -6.767639 -3.6750367 7.7538943 ] ;[ -6.5737553 -3.7841675 7.6582522 ] ;[ -6.3693604 -3.8602295 7.550537 ] ;[ -2.1902344 -4.322168 7.016321 ] ;[ -0.15107422 -4.3557982 6.523279 ] ;[ 0.75609136 -4.0609374 6.338928 ] ;[ 1.5460083 -3.6465578 7.0075684 ] ;[ 3.0051513 -2.445642 6.5644655 ] ;[ 3.0083008 -2.0542724 6.871741 ] ;[ 5.146338 -0.44221193 7.3783937 ] ;[ 5.970545 0.65532225 8.337488 ] ;[ 4.603943 0.7599853 8.597363 ] ;[ 6.241577 1.5948731 12.185022 ] ;[ 5.308142 1.4995239 12.520215 ] ;[ 3.7304444 1.3393555 8.08634 ] ;[ 3.7304444 1.3393555 8.08634 ] ;
0
[ 3.7304444 1.3393555 8.08634 ] ;[ -5.7042236 -0.57088625 7.815784 ] ;[ -5.9969606 -1.149121 9.137915 ] ;[ -8.036255 -3.436792 7.569153 ] ;[ -6.155469 -3.304016 7.3823 ] ;[ -4.1312013 -3.1553712 7.8058352 ] ;[ -3.7313843 -3.3825316 8.558863 ] ;[ -3.741626 -3.8260255 7.2279177 ] ;[ -2.65802 -3.802356 6.8622437 ] ;[ -2.0165527 -3.6832764 6.8799686 ] ;[ -1.1945556 -3.5552368 7.7725587 ] ;[ -0.28652343 -3.147766 7.9413333 ] ;[ 0.30142823 -3.1416504 8.201526 ] ;[ 0.51650393 -2.9790406 8.398071 ] ;[ 1.3635375 -2.298462 7.7047243 ] ;[ 1.2314575 -1.2580445 8.480786 ] ;[ 1.2969239 -1.083081 8.814624 ] ;[ 2.0609863 -0.6678711 8.147547 ] ;[ 2.2226074 -0.5245239 8.065137 ] ;[ 1.954358 -0.116723634 7.457532 ] ;[ 2.2616334 0.29890138 7.346106 ] ;[ 2.8438354 1.0427125 6.81687 ] ;[ 2.8844848 1.1020019 6.937586 ] ;[ 3.0824952 1.2564209 8.5386715 ] ;[ 4.750647 2.1705933 10.417334 ] ;[ 4.264722 2.0923462 10.752295 ] ;[ 0.74993896 0.036938477 7.5808716 ] ;[ 1.0645752 0.12683105 7.359534 ] ;[ 1.3169677 0.27843016 7.045264 ] ;[ 2.0621095 0.33825684 7.181946 ] ;
0
[ -4.994385 0.14387207 8.90597 ] ;[ -5.3751707 -0.27310792 9.1953 ] ;[ -5.8691893 -0.61987305 9.831653 ] ;[ -6.624646 -2.8763552 7.897852 ] ;[ -6.357544 -3.2546144 7.8459597 ] ;[ -6.0631104 -3.3492188 7.6346436 ] ;[ -4.8588743 -3.3046021 6.514807 ] ;[ -4.1212525 -3.19823 6.075 ] ;[ -3.8221436 -3.1947756 6.275183 ] ;[ -3.5332885 -3.3402834 7.439673 ] ;[ -2.948584 -3.3166628 7.2874756 ] ;[ -1.0736206 -2.4030883 6.462097 ] ;[ -0.6034058 -2.2091186 6.4337893 ] ;[ -0.07229004 -1.6322632 7.75459 ] ;[ 0.110119626 -1.3765748 7.7448244 ] ;[ 1.0457764 -0.8484497 7.090479 ] ;[ 2.1585083 -0.5258911 6.94668 ] ;[ 2.3278441 -0.5164307 7.320911 ] ;[ 0.7043823 -1.4258301 7.753125 ] ;[ 1.4348633 -1.0532959 7.3448243 ] ;[ 2.5535035 0.016882325 7.6373415 ] ;[ 3.520813 0.68459475 8.804932 ] ;[ 3.905713 1.3661865 8.786853 ] ;[ 0.50634766 0.382605 10.046399 ] ;[ 0.3218994 0.2730713 10.4161625 ] ;[ 0.49010012 0.1463379 10.409876 ] ;[ 1.9905152 0.2279419 9.094629 ] ;[ 2.6186156 0.3210205 9.3088255 ] ;[ 3.731897 0.8140381 10.006116 ] ;
0
[ -3.9581056 0.7621094 7.1871824 ] ;[ -4.3253417 0.49920654 8.97257 ] ;[ -4.554712 0.5765625 8.949414 ] ;[ -4.274719 0.61861575 8.978711 ] ;[ -4.8772707 0.05716553 8.605066 ] ;[ -5.561609 -0.52003175 8.844983 ] ;[ -5.3865356 -0.7909058 8.059985 ] ;[ -4.180481 -0.8484009 7.5629153 ] ;[ -3.9920168 -0.85750735 7.6134157 ] ;[ -3.4325075 -1.2906494 7.609461 ] ;[ -3.1711915 -1.442395 7.691553 ] ;[ -2.9536133 -1.4708252 7.949927 ] ;[ -3.027832 -2.215674 7.3231936 ] ;[ -2.1108031 -1.9869508 7.059351 ] ;[ -1.7243286 -1.9250122 7.7775517 ] ;[ -2.1801147 -2.0549684 8.614038 ] ;[ -2.0137696 -1.9708985 7.868286 ] ;[ 0.68983155 -0.3556763 8.151843 ] ;[ -0.5583862 -0.58388674 8.670935 ] ;[ 2.1160645 0.6675781 9.470301 ] ;[ 2.390564 0.78326416 9.437536 ] ;[ 1.9640381 0.81287843 9.335632 ] ;[ 1.1771972 0.6189209 9.897156 ] ;[ 1.6293335 0.49711916 9.787451 ] ;[ 1.96521 0.41080323 9.157544 ] ;[ 1.96521 0.41080323 9.157544 ] ;[ 1.96521 0.41080323 9.157544 ] ;
0
[ 1.96521 0.41080323 9.157544 ] ;[ -2.6866577 1.2214721 9.134069 ] ;[ -3.797229 0.89448243 8.736841 ] ;[ -4.0791626 0.845105 9.189478 ] ;[ -4.115344 0.46451417 8.973389 ] ;[ -3.977771 0.26517335 8.8425045 ] ;[ -3.9872193 -0.081970215 8.649121 ] ;[ -4.771936 -1.1502075 7.6937866 ] ;[ -3.7514405 -1.1721802 8.211621 ] ;[ -3.0217774 -1.0859375 7.6137943 ] ;[ -2.8608642 -1.1484253 7.4552 ] ;[ -3.100366 -1.3590943 7.793384 ] ;[ -2.946045 -1.3751465 7.818555 ] ;[ -2.4098754 -1.2826782 7.5134034 ] ;[ -2.0234375 -1.0442505 7.184107 ] ;[ 0.26195067 0.38125002 7.161133 ] ;[ -0.04888916 0.32923585 7.4333253 ] ;[ 0.7270752 -0.29432374 7.734656 ] ;[ 0.6244141 -0.31813964 7.9205203 ] ;[ 0.117004395 -0.1552124 7.787134 ] ;[ 3.3408446 1.3064331 7.6985474 ] ;[ 2.2234008 1.2930542 7.926941 ] ;[ 0.46998292 0.80252683 8.423083 ] ;[ 0.42863768 0.6364136 8.678052 ] ;[ 1.1051025 0.61107177 9.170459 ] ;[ 0.848938 0.5720825 9.207385 ] ;[ 0.97696537 0.69714355 9.568945 ] ;[ 1.2886108 0.84621584 10.05155 ] ;[ 3.2793336 1.1000366 10.9765625 ] ;
0
[ -4.2566895 0.5029663 8.421875 ] ;[ -4.1012573 0.5887329 8.991968 ] ;[ -4.2350464 0.8947266 8.679431 ] ;[ -4.259143 1.1742432 8.468579 ] ;[ -4.4771852 1.0036743 8.261548 ] ;[ -4.7517943 0.81937253 8.632031 ] ;[ -5.772827 -0.003076172 9.058533 ] ;[ -6.5173707 -0.8008423 9.089209 ] ;[ -6.161499 -1.030249 9.609546 ] ;[ -5.9136477 -1.1408325 10.209814 ] ;[ -5.371924 -1.297937 11.206604 ] ;[ -4.8801146 -1.3157104 10.903992 ] ;[ -4.5844483 -1.4155884 10.508899 ] ;[ -3.9400513 -1.661731 9.124903 ] ;[ -3.6235719 -1.7819581 9.010107 ] ;[ -2.696045 -2.3043945 7.745264 ] ;[ -1.7660401 -2.200891 7.417322 ] ;[ -1.247168 -2.1226807 5.561206 ] ;[ -0.8366089 -2.0822875 6.221423 ] ;[ -0.46652833 -2.218103 5.9102173 ] ;[ 0.9934937 -0.7859009 6.244385 ] ;[ 1.6122558 -0.4515747 6.202246 ] ;[ 1.8174073 -0.1105957 7.1519165 ] ;[ 1.9653687 0.062390137 7.314026 ] ;[ 1.8651367 0.34243163 11.193054 ] ;[ 1.7889649 0.3263794 11.940625 ] ;[ 1.8743409 0.22893067 11.87356 ] ;[ 2.2075317 0.3777832 11.454565 ] ;[ 3.1513186 0.68006593 10.088476 ] ;[ 3.1513186 0.68006593 10.088476 ] ;[ 3.1513186 0.68006593 10.088476 ] ;
0
[ -3.0874512 1.6772705 7.7295046 ] ;[ -3.6215456 1.3786865 8.424878 ] ;[ -3.970874 1.0968018 9.369104 ] ;[ -4.0814943 1.4910278 10.263086 ] ;[ -5.4221926 1.2125489 10.220349 ] ;[ -6.184985 0.0051879883 10.382654 ] ;[ -5.804114 -0.22952881 9.686548 ] ;[ -5.322412 -0.52305907 8.5755005 ] ;[ -5.115796 -1.193042 8.023816 ] ;[ -4.115625 -1.7235596 6.7743897 ] ;[ -3.408484 -1.6656251 6.45387 ] ;[ -3.1280274 -1.6718628 6.2656126 ] ;[ -2.5942016 -1.5131593 5.562439 ] ;[ -2.0010498 -1.3480469 5.4566283 ] ;[ -0.392749 -0.63375247 6.1931887 ] ;[ 0.0635376 -0.56171876 5.788501 ] ;[ 0.47279054 -0.7306397 7.7992067 ] ;[ 0.4279297 -0.76383054 8.046313 ] ;[ 2.3682618 0.8617798 9.578967 ] ;[ 2.5339966 1.0121094 10.3519535 ] ;[ 1.9461427 1.0872314 10.354236 ] ;[ 1.6031128 0.94078374 10.45531 ] ;[ 1.0923462 0.5296997 10.777685 ] ;[ 1.393335 0.3208496 10.96316 ] ;[ 1.7777954 0.38482666 10.978907 ] ;[ 2.4542847 0.7819092 11.271021 ] ;
0
[ -2.976892 1.4694824 6.542102 ] ;[ -3.8150635 0.547644 8.765772 ] ;[ -4.2661257 0.5020264 8.794629 ] ;[ -4.9027343 0.16993408 7.6502323 ] ;[ -6.1457887 -0.4641968 8.999426 ] ;[ -6.20719 -0.45895997 9.033093 ] ;[ -5.9172487 -0.29676515 8.323364 ] ;[ -5.529602 -0.63726807 8.920789 ] ;[ -5.283142 -0.6005615 9.117285 ] ;[ -5.9076414 -0.92363286 9.900464 ] ;[ -6.2012696 -1.8495483 9.760376 ] ;[ -5.2915525 -1.8947632 9.183459 ] ;[ -4.483911 -2.104004 8.3651 ] ;[ -4.549878 -2.5006714 8.258118 ] ;[ -3.634595 -2.3777955 8.27854 ] ;[ -2.4256103 -2.0908203 8.174805 ] ;[ 1.6199341 -0.4876587 7.4622073 ] ;[ 1.4064941 0.42299807 6.9516478 ] ;[ 1.5214844 0.46796876 6.8871098 ] ;[ 1.212561 0.5373291 8.23114 ] ;[ 0.5041748 0.19855958 5.983594 ] ;[ 0.8568604 0.016088868 6.1630125 ] ;[ 0.6860474 0.034460448 7.073462 ] ;[ 0.2555542 -0.18820801 7.648987 ] ;[ 0.5604126 -0.25888672 7.7230225 ] ;[ 1.5854859 -0.07066651 8.932569 ] ;[ 0.47385255 -0.2630005 8.878552 ] ;[ 0.21643066 -0.17994386 9.21759 ] ;[ 0.7666992 0.4209717 9.712354 ] ;[ 0.9499634 0.4828247 9.916626 ] ;[ 1.0197998 0.48615724 10.119104 ] ;
0
[ 1.6098877 0.36170655 7.7074833 ] ;[ -3.5037599 0.9435425 9.0898075 ] ;[ -4.2101316 0.7505982 9.6901 ] ;[ -4.4694214 0.8837646 9.508985 ] ;[ -5.679736 0.8808228 9.6123295 ] ;[ -5.679797 0.666272 9.224927 ] ;[ -5.7319584 0.61868894 9.25398 ] ;[ -6.0995483 -0.26132813 8.9598875 ] ;[ -7.0219116 -0.9794678 9.379346 ] ;[ -6.907031 -1.6988525 7.6944947 ] ;[ -5.9183226 -1.6915283 6.6833253 ] ;[ -5.6636353 -1.8067994 6.5706663 ] ;[ -5.3858767 -1.8701661 6.456885 ] ;[ -3.9136963 -1.7057495 5.936536 ] ;[ -3.1985962 -1.6184692 6.0656986 ] ;[ 1.7520752 0.19824219 5.274011 ] ;[ 0.80484617 -1.6130493 8.821838 ] ;[ 1.4303956 -0.8301147 9.424475 ] ;[ 2.2430542 0.50332034 10.401477 ] ;[ 2.6631837 1.2321411 11.638367 ] ;[ 2.9592164 1.5242677 12.2356205 ] ;[ 3.007019 2.2431397 14.178052 ] ;[ 1.0098877 0.44852296 10.591919 ] ;[ 1.1777099 0.30979005 10.769043 ] ;[ 1.8594971 0.1803711 9.485583 ] ;[ 2.1253052 0.06564941 8.691968 ] ;[ 2.1253052 0.06564941 8.691968 ] ;
0
[ 2.1253052 0.06564941 8.691968 ] ;[ -2.611316 0.8015137 7.6504273 ] ;[ -2.7169678 0.49168703 7.932886 ] ;[ -3.6636477 0.2550537 8.659973 ] ;[ -5.8664427 -1.218811 7.5139527 ] ;[ -6.174402 -1.3642212 7.624646 ] ;[ -6.1211185 -1.2254394 7.9713993 ] ;[ -5.3944945 -0.83428955 8.132617 ] ;[ -4.665283 -0.675 8.255615 ] ;[ -4.516614 -0.75964355 8.5675535 ] ;[ -4.495654 -0.9604859 9.042615 ] ;[ -4.08396 -1.4590088 7.5547976 ] ;[ -2.9295654 -1.3866088 8.560071 ] ;[ -2.7792358 -1.3893921 8.702405 ] ;[ -2.7325072 -1.4838135 8.817615 ] ;[ -2.25802 -1.3428955 8.324109 ] ;[ -2.0308716 -1.3792603 7.667517 ] ;[ -1.9162354 -1.4403076 7.611914 ] ;[ -0.8884033 -1.3511353 7.433667 ] ;[ -1.0225098 -1.3312134 7.380652 ] ;[ -1.0933838 -1.4795899 7.1806154 ] ;[ -0.87027586 -1.5489136 7.919812 ] ;[ -0.2980957 -1.3378052 7.3469486 ] ;[ 0.71435547 -0.9843384 6.2687745 ] ;[ 0.8391968 -0.8838501 7.4674196 ] ;[ -0.8593018 -0.23778076 5.7517457 ] ;[ 0.43344727 -0.22388917 7.3149414 ] ;[ 0.07086182 -0.24996339 8.735632 ] ;[ -0.35683596 -0.17895508 9.04967 ] ;[ -0.55466306 0.18007812 9.2052 ] ;[ 1.4056275 1.0395263 8.471167 ] ;
0
[ -3.0609984 1.5752198 7.5819583 ] ;[ -2.161548 1.8131837 8.762793 ] ;[ -2.6407714 1.7666016 8.608411 ] ;[ -3.1969848 1.4892335 8.765576 ] ;[ -3.4809813 1.3069336 8.931335 ] ;[ -4.341577 0.9180054 8.839844 ] ;[ -5.796961 0.41791993 8.421717 ] ;[ -6.7286134 0.22426757 8.670032 ] ;[ -6.795618 -0.46400148 8.631006 ] ;[ -7.112195 -1.1038208 8.408887 ] ;[ -7.225757 -1.4517456 8.1723385 ] ;[ -6.672034 -1.523523 7.81781 ] ;[ -6.3134522 -1.46344 7.671753 ] ;[ -5.378198 -1.4885498 8.020971 ] ;[ -5.088318 -1.4238038 7.5636964 ] ;[ -4.967139 -1.4872558 7.3879886 ] ;[ -4.595984 -1.5144653 6.4818482 ] ;[ -4.2958984 -1.743274 6.554663 ] ;[ -3.081262 -2.097168 5.972925 ] ;[ -1.873755 -1.9045899 5.2111816 ] ;[ -1.1697509 -1.7870117 4.9125977 ] ;[ -0.93374026 -1.6724975 4.890161 ] ;[ -0.54848635 -1.3521118 5.329553 ] ;[ -0.16711426 -1.1760743 5.356677 ] ;[ 0.032263182 -1.0935547 5.2698364 ] ;[ 0.08433838 -0.70932615 5.564978 ] ;[ 1.3313477 0.14378662 6.48678 ] ;[ 1.2406006 0.2716919 6.681494 ] ;[ 1.0728638 0.44031984 7.352405 ] ;[ 2.3570557 1.2901123 7.5335817 ] ;[ 1.6553223 1.0235351 7.1406617 ] ;
0
[ 0.1329712 0.42116702 8.54176 ] ;[ -1.8868287 0.6269409 7.566675 ] ;[ -1.7652832 0.49294436 8.121411 ] ;[ -2.2969117 0.2579956 8.565882 ] ;[ -2.6646361 0.46381837 8.228381 ] ;[ -4.8090334 -0.3045166 7.257764 ] ;[ -5.2980957 -0.5467895 7.9149294 ] ;[ -5.4622436 -0.73776853 8.2401 ] ;[ -5.367114 -0.711853 8.505737 ] ;[ -5.678479 -1.0041015 8.651403 ] ;[ -4.873755 -0.9084839 8.924182 ] ;[ -4.291565 -0.77282715 9.173108 ] ;[ -2.91792 -0.42088622 8.814478 ] ;[ -3.6560793 -1.6148682 8.6567135 ] ;[ -2.8680177 -1.53667 8.097132 ] ;[ -1.3654785 -1.5566406 7.5756836 ] ;[ -1.5868775 -1.5777099 8.114843 ] ;[ -2.291284 -2.1327271 8.796985 ] ;[ -1.536206 -1.9024292 7.672644 ] ;[ -1.0545654 -2.033545 6.863623 ] ;[ -0.087243654 -1.7623658 6.5162964 ] ;[ 0.0021728515 -1.8627198 6.9389405 ] ;[ -0.50133055 -1.9898316 7.9663696 ] ;[ 0.13358155 -1.7498169 7.407422 ] ;[ 0.8877442 -0.6688843 8.483435 ] ;[ 1.7578492 -0.009692383 7.1109133 ] ;[ 1.4510132 0.43137208 7.295252 ] ;[ 0.82003176 0.22005615 8.490601 ] ;[ 0.56491697 -0.17176513 7.5409184 ] ;[ 1.2073975 0.29519042 7.4612794 ] ;[ 1.3659912 0.47474366 8.110193 ] ;
0
[ -2.7410278 1.273523 7.8551025 ] ;[ -3.6746583 1.2421143 9.068201 ] ;[ -5.7469482 1.1011353 9.825586 ] ;[ -6.5015993 0.865979 10.117566 ] ;[ -7.120105 -0.08917236 8.634436 ] ;[ -7.1129518 -0.23702393 8.243591 ] ;[ -7.401709 -0.6798584 8.420886 ] ;[ -6.4775515 -2.3966553 7.0853395 ] ;[ -5.915332 -2.282373 6.858508 ] ;[ -4.523328 -1.9328858 6.467615 ] ;[ -2.9430785 -1.3281494 6.0047607 ] ;[ -3.2824707 -1.2547729 5.935974 ] ;[ -3.0444825 -1.1887207 7.147925 ] ;[ -2.7470093 -1.0290283 6.7932253 ] ;[ -2.3575196 -0.9554932 6.561536 ] ;[ -2.1517577 -0.9244385 6.01001 ] ;[ -1.7151368 -1.2821167 6.506543 ] ;[ -0.50633544 -0.96440434 5.9098635 ] ;[ -0.25473633 -1.040747 5.2631226 ] ;[ -0.25080568 -1.108374 5.291626 ] ;[ 0.30528563 -1.1706665 5.435669 ] ;[ 3.6284668 0.17733154 8.752649 ] ;[ 2.5357788 -0.56429446 8.282458 ] ;[ 2.0240357 -0.6815308 8.770691 ] ;[ 2.3627563 0.32612306 10.930591 ] ;[ 3.7275026 1.4076172 9.406164 ] ;[ 3.9839966 1.7032592 9.235901 ] ;[ 3.4085083 1.7902343 9.726855 ] ;[ 2.0392945 1.4840332 10.329077 ] ;[ 1.6059449 1.0185425 11.069275 ] ;[ 1.4184204 0.8125489 11.592041 ] ;
1
[ 0.016015625 2.4679933 6.762293 ] ;[ 0.016015625 2.4679933 6.762293 ] ;[ -0.14576416 1.5669434 8.6456785 ] ;[ 0.96353763 2.3548095 8.561584 ] ;[ 1.7921875 2.7909913 9.056409 ] ;[ 4.6108155 3.1772094 11.2724 ] ;[ 5.9536867 3.2885742 11.721985 ] ;[ 7.1489744 3.539795 11.118835 ] ;[ 7.4293704 2.6568847 11.160803 ] ;[ 7.5339723 2.9192262 11.591333 ] ;[ 8.623535 2.9752197 9.644556 ] ;[ 8.867505 2.5718873 9.114453 ] ;[ 6.1777344 0.14960937 9.43208 ] ;[ 4.087695 -0.36939698 9.159851 ] ;[ 1.8929688 -2.6193604 7.5593753 ] ;[ 0.14375 -3.1447997 3.8099122 ] ;[ -5.9719725 -3.7953248 6.448523 ] ;[ -6.6103272 -3.571106 6.186548 ] ;[ -9.196424 -2.8345947 8.939173 ] ;[ -10.825818 -2.6393921 9.596827 ] ;[ -11.763367 -2.3303955 10.401123 ] ;[ -11.592224 -2.1614137 10.416529 ] ;[ -10.239075 -1.466809 8.250671 ] ;[ -9.7050905 -1.3295044 6.666003 ] ;[ -9.7050905 -1.3295044 6.666003 ] ;
1
[ -9.2113285 -1.1121094 6.1976566 ] ;[ 0.32163087 0.57872313 7.6292725 ] ;[ 1.7354981 0.8651612 8.776978 ] ;[ 2.483081 1.2304199 9.111181 ] ;[ 4.450879 1.6419067 9.588354 ] ;[ 4.6477537 1.4858277 9.991333 ] ;[ 4.800952 1.3642944 9.899414 ] ;[ 5.883301 1.5216186 10.093506 ] ;[ 7.0014405 1.4050415 11.189807 ] ;[ 7.124097 1.2885498 11.48147 ] ;[ 7.3866577 1.2354248 11.360242 ] ;[ 8.568128 0.87950444 11.165552 ] ;[ 0.0055419924 -4.91521 5.535034 ] ;[ -0.15104981 -4.8609986 5.9058228 ] ;[ 0.3810791 -4.6463866 6.0563354 ] ;[ -1.2879273 -4.959839 4.622546 ] ;[ -2.9458008 -5.5668945 2.4085083 ] ;[ -5.6996827 -5.098254 3.8719606 ] ;[ -6.404944 -4.6665406 5.2394166 ] ;[ -11.463269 -5.014136 8.864929 ] ;[ -12.779383 -4.3334227 10.488195 ] ;[ -12.454737 -3.7040162 10.444275 ] ;[ -10.999377 -2.4943237 9.817041 ] ;[ -10.999377 -2.4943237 9.817041 ] ;[ -10.999377 -2.4943237 9.817041 ] ;
1
[ -10.999377 -2.4943237 9.817041 ] ;[ 1.6432495 0.80109864 9.346753 ] ;[ 4.836609 1.423413 10.413465 ] ;[ 5.629468 1.6457031 10.583984 ] ;[ 6.195422 1.543689 10.902344 ] ;[ 7.019934 1.0486084 10.94043 ] ;[ 7.1805906 1.043225 11.215931 ] ;[ 7.248413 -0.5473999 7.247107 ] ;[ 6.554822 0.2097412 7.326355 ] ;[ 5.3620605 -0.40878907 7.9091434 ] ;[ 3.3438354 -1.21521 8.920507 ] ;[ 1.4192016 -0.92971194 7.63053 ] ;[ -0.027124025 -1.1818359 8.188525 ] ;[ 0.31279296 -0.87768555 6.3611937 ] ;[ 0.0015625 -0.9711548 5.474988 ] ;[ -1.3662841 -1.4596192 6.618823 ] ;[ -6.2442265 -1.9576539 5.106677 ] ;[ -5.316162 -0.91748047 6.966687 ] ;[ -6.4897585 -0.68128663 7.250147 ] ;[ -5.835864 0.124462895 8.407837 ] ;[ -3.9175904 1.2571411 8.4893675 ] ;[ -3.8282838 1.4023805 8.623792 ] ;[ -3.0981324 1.801355 8.418897 ] ;[ -2.6475708 2.265271 9.45 ] ;[ -2.482019 2.223877 9.635254 ] ;[ -2.2380981 1.1301025 5.8711305 ] ;[ -2.2380981 1.1301025 5.8711305 ] ;
1
[ -2.2380981 1.1301025 5.8711305 ] ;[ 2.7267945 0.6424805 11.23501 ] ;[ 3.9148195 1.0555176 11.923304 ] ;[ 6.3450565 1.9459351 12.409779 ] ;[ 9.591162 2.6128907 12.314611 ] ;[ 11.342321 2.4310424 12.050085 ] ;[ 10.014832 1.4267578 12.45232 ] ;[ 5.0842896 -3.9256716 8.1797 ] ;[ 1.0623658 -4.4862914 4.946008 ] ;[ 1.335315 -4.2718263 4.570569 ] ;[ 1.601709 -4.3828735 3.736792 ] ;[ 2.0969727 -4.930957 2.2036865 ] ;[ 1.3398193 -5.54281 3.1765747 ] ;[ -5.4981203 -6.3629026 2.4346802 ] ;[ -5.679797 -6.0977173 3.4860964 ] ;[ -5.8088255 -5.126892 4.6576905 ] ;[ -6.854492 -4.1153197 5.944641 ] ;[ -7.548828 -4.1819215 7.4350834 ] ;[ -8.344299 -4.5166993 7.7562866 ] ;[ -10.884046 -5.0772095 8.373865 ] ;[ -11.489929 -3.4329958 10.031726 ] ;[ -13.345861 -3.1387696 13.066419 ] ;[ -14.439649 -3.3999634 12.926416 ] ;[ -11.610376 -2.3426392 10.501782 ] ;[ -10.128357 -1.951941 10.3776245 ] ;[ -7.837024 -1.0260499 8.690478 ] ;[ -7.6241336 -0.83787847 6.6723633 ] ;[ -7.6241336 -0.83787847 6.6723633 ] ;
1
[ -0.8830445 0.8567139 8.842029 ] ;[ -0.37114257 0.4310425 9.19956 ] ;[ 0.73444825 0.80390626 7.828821 ] ;[ 1.6679809 1.0790527 7.730054 ] ;[ 3.7292848 0.8789307 8.142346 ] ;[ 4.973523 0.9040772 7.9832764 ] ;[ 5.6243043 1.2236817 7.965735 ] ;[ 7.7027225 1.292566 8.535779 ] ;[ 8.111181 0.8710083 8.580908 ] ;[ 9.081177 0.9009278 7.349048 ] ;[ 8.625952 0.566687 7.533386 ] ;[ 8.444934 0.4148804 7.93949 ] ;[ 4.3395143 -0.89381105 8.862073 ] ;[ 3.785437 -0.99764407 9.6175785 ] ;[ 2.169934 -1.3725464 7.5942874 ] ;[ 1.5733277 -1.4742432 8.756628 ] ;[ -2.9542847 -1.3478515 7.6332035 ] ;[ -7.3245606 -0.21348877 10.306482 ] ;[ -4.9972167 0.36411133 9.073767 ] ;[ -4.214038 0.60515136 8.701624 ] ;[ -2.6110718 1.1987305 8.565845 ] ;[ -1.2480958 1.2819703 8.392187 ] ;[ -1.0416749 1.5239015 8.568957 ] ;[ -0.5932617 1.418042 5.8849974 ] ;[ -0.5932617 1.418042 5.8849974 ] ;
1
[ -6.965454 -0.032995604 9.062281 ] ;[ 0.8533814 1.5354859 9.290552 ] ;[ 1.9553467 1.7060058 10.860095 ] ;[ 3.5143676 2.2983277 12.431274 ] ;[ 4.5266356 2.4535522 11.858875 ] ;[ 4.9913697 2.4378295 11.751209 ] ;[ 6.939087 2.7388794 13.64209 ] ;[ 8.847876 2.9677002 14.362293 ] ;[ 10.3598385 2.9995484 12.872571 ] ;[ 5.833838 -0.5833496 7.6580935 ] ;[ 6.1748657 -0.5261475 6.715576 ] ;[ 3.3198366 -2.145984 4.1736693 ] ;[ 3.034192 -2.1920044 4.23385 ] ;[ -0.65360105 -2.5438354 4.2916017 ] ;[ -0.8470093 -2.4422119 4.486328 ] ;[ -0.9775269 -2.1668458 5.0894165 ] ;[ -2.0252929 -1.7464356 6.747327 ] ;[ -6.35813 -2.2748046 7.0759277 ] ;[ -6.0623045 -2.1544433 7.3789063 ] ;[ -5.483289 -1.6681153 8.359411 ] ;[ -4.810852 -1.1104981 9.777637 ] ;[ -5.953528 -0.97194827 11.191406 ] ;[ -6.675 -0.5356811 12.33556 ] ;[ -6.7551394 -0.3175171 11.615467 ] ;[ -6.2987795 -0.3630249 10.734693 ] ;[ -6.2987795 -0.3630249 10.734693 ] ;
1
[ -0.14781494 0.24202882 8.031763 ] ;[ 0.35029298 0.2578125 9.444275 ] ;[ 2.1400146 0.69003904 11.493702 ] ;[ 4.960376 1.9448609 12.135351 ] ;[ 6.5310917 2.1465576 12.72273 ] ;[ 7.1328 2.2114136 12.6755495 ] ;[ 8.061548 2.5341308 11.722387 ] ;[ 7.119776 2.157959 11.739613 ] ;[ 6.6509767 1.6486938 12.348511 ] ;[ 6.198621 1.1242187 13.058386 ] ;[ 7.3117313 0.8647461 12.455713 ] ;[ 7.725269 0.80089116 11.5779915 ] ;[ -2.3760865 -4.8420043 4.977295 ] ;[ -1.957837 -4.7030396 5.072339 ] ;[ -2.6994507 -4.3916993 4.721143 ] ;[ -3.6328003 -4.4416137 5.070044 ] ;[ -4.668921 -2.9821045 7.9089966 ] ;[ -5.657544 -2.7288697 7.293921 ] ;[ -5.7058473 -2.3735108 7.962024 ] ;[ -5.880713 -2.2675903 8.286158 ] ;[ -6.9671507 -2.041162 9.812744 ] ;[ -7.8865848 -1.6315918 11.524353 ] ;[ -8.103003 -1.4468505 12.018567 ] ;[ -7.7782106 -1.4724121 10.477405 ] ;[ -7.7782106 -1.4724121 10.477405 ] ;[ -7.7782106 -1.4724121 10.477405 ] ;
1
[ -8.25929 -1.173816 10.010839 ] ;[ 2.7614746 -0.5570313 11.372705 ] ;[ 3.630359 -0.50181884 12.411878 ] ;[ 5.573157 0.3421997 12.78877 ] ;[ 6.7581053 0.8149536 12.312012 ] ;[ 8.443945 1.2416016 11.26792 ] ;[ 7.734461 -0.11254883 10.56333 ] ;[ 7.4508057 -0.24349366 10.960034 ] ;[ 8.075903 -0.4372925 8.894531 ] ;[ 6.837439 -1.1662476 8.879663 ] ;[ 3.8916993 -3.1536012 8.344165 ] ;[ 4.271118 -3.111316 9.406275 ] ;[ -2.3690553 -5.2318482 6.219202 ] ;[ -2.0930786 -4.8835206 8.460584 ] ;[ -1.9721924 -4.362207 9.540027 ] ;[ -1.6358764 -4.1019654 7.9841557 ] ;[ -6.268286 -3.116748 8.047937 ] ;[ -6.178113 -1.6713989 9.463562 ] ;[ -6.4288697 -1.1896728 10.011145 ] ;[ -6.168396 -0.11040039 10.349878 ] ;[ -4.0252075 0.68381345 7.1403446 ] ;[ -2.8878052 1.1210083 6.0748167 ] ;[ -2.4299438 1.423645 6.186487 ] ;[ -2.777478 1.4322999 8.443762 ] ;[ -2.965613 1.4868408 9.723242 ] ;
1
[ 0.9232056 0.440979 9.524378 ] ;[ 1.3703492 0.6088867 10.598706 ] ;[ 3.403125 1.0442139 11.630213 ] ;[ 5.6078978 1.8849854 10.686719 ] ;[ 6.604346 2.388684 10.26156 ] ;[ 8.111402 2.2034302 12.440149 ] ;[ 8.393847 1.8744385 14.121374 ] ;[ 8.756079 1.9309205 14.146154 ] ;[ 8.666211 -0.16002198 11.64596 ] ;[ 6.900244 -2.1058593 9.205066 ] ;[ 5.5866575 -2.8676147 9.362414 ] ;[ 0.43233645 -4.8589845 4.125 ] ;[ -0.15963134 -4.4605103 3.9575195 ] ;[ -2.7334228 -4.4999266 4.7259154 ] ;[ -3.0135987 -3.8437867 6.769812 ] ;[ -4.6807375 -3.4344482 6.33136 ] ;[ -4.6627564 -3.2698975 6.2439213 ] ;[ -5.5855103 -2.559668 9.227392 ] ;[ -5.549121 -2.0891845 9.289942 ] ;[ -5.3666506 -1.5568237 7.9176636 ] ;[ -6.6139164 -1.1027954 9.3563595 ] ;[ -9.309839 -0.9837036 12.448109 ] ;[ -9.314356 -0.7096313 12.366272 ] ;[ -8.727735 -0.54459226 13.127003 ] ;[ -8.546362 -0.3657837 12.717138 ] ;[ -7.935816 -0.1239502 9.403112 ] ;[ -7.935816 -0.1239502 9.403112 ] ;
1
[ -7.935816 -0.1239502 9.403112 ] ;[ 0.39868164 0.1362915 8.800952 ] ;[ 3.8443239 0.7411011 9.675842 ] ;[ 4.6147947 0.7827027 10.081714 ] ;[ 5.7533445 0.82589114 10.207764 ] ;[ 6.5205326 -0.4031372 9.649988 ] ;[ 7.2621098 -0.24104005 9.901819 ] ;[ 6.6161013 -0.8004639 5.912341 ] ;[ 7.2648315 -0.46671143 5.908252 ] ;[ 5.767871 -1.061023 6.9193482 ] ;[ 3.1846437 -2.1972413 8.033203 ] ;[ 2.9275756 -2.2086425 8.708056 ] ;[ -2.0732179 -3.5576296 8.120374 ] ;[ -3.549048 -3.5644288 9.728394 ] ;[ -3.169507 -2.822534 9.536133 ] ;[ -2.3575807 -2.2674317 9.9092655 ] ;[ -4.5043945 -2.5747924 8.122314 ] ;[ -5.290857 -2.2252564 7.6916385 ] ;[ -4.1928587 -1.1540772 5.672034 ] ;[ -5.4048586 -0.9631958 7.692029 ] ;[ -5.202063 -0.5097046 7.472351 ] ;[ -4.098035 0.049963377 6.5739746 ] ;[ -3.5671265 0.9234986 7.118579 ] ;[ -4.075769 0.87746584 9.129382 ] ;[ -3.3790407 1.6302369 8.9835205 ] ;[ -3.2667603 1.825647 9.409546 ] ;
1
[ 2.2635498 0.9307251 10.292053 ] ;[ 4.0610476 1.7415528 11.087927 ] ;[ 5.8188477 1.8154541 11.839966 ] ;[ 6.6958985 1.9035767 12.1605835 ] ;[ 8.146887 1.8815186 12.794324 ] ;[ 9.106848 1.4653931 12.982092 ] ;[ 9.832983 1.0685669 12.716101 ] ;[ 10.112414 0.89382327 12.312109 ] ;[ 2.5784059 -3.6240113 3.6692019 ] ;[ 2.7548585 -3.5957642 3.9647095 ] ;[ -0.2654541 -4.257849 3.8106935 ] ;[ -1.9574585 -4.06001 4.1674805 ] ;[ -1.6725953 -3.9471192 4.315039 ] ;[ -1.518457 -3.4692872 6.064795 ] ;[ -3.6354127 -3.683362 6.6415405 ] ;[ -6.0099735 -3.465564 6.525037 ] ;[ -6.717566 -2.9113894 6.571167 ] ;[ -6.7876225 -2.7187743 6.647156 ] ;[ -5.25094 -2.453711 6.7628174 ] ;[ -4.874707 -2.0805664 7.616358 ] ;[ -6.6914186 -1.9594605 9.695691 ] ;[ -9.455933 -1.3511353 9.561023 ] ;[ -7.7296267 -0.50806886 11.137464 ] ;[ -7.7994633 -0.98128664 12.739624 ] ;[ -7.5062504 -1.1140137 12.559681 ] ;[ -6.7684937 -1.1420288 10.6133175 ] ;[ -6.397156 -1.0578613 9.025183 ] ;[ -6.397156 -1.0578613 9.025183 ] ;
1
[ 1.3275268 0.42890626 8.388855 ] ;[ 1.4824708 0.38843995 8.912646 ] ;[ 2.9832642 0.858374 8.552649 ] ;[ 5.259436 0.9206665 8.046887 ] ;[ 5.6150637 0.5972778 9.071033 ] ;[ 6.235071 0.6210083 10.073023 ] ;[ 6.5947633 0.739856 9.985804 ] ;[ 6.4958496 -0.1583252 9.953211 ] ;[ 7.0150023 0.054016113 9.548144 ] ;[ 3.9783204 -0.9254761 8.723279 ] ;[ 3.0796387 -1.1851196 9.692322 ] ;[ 3.090686 -0.9619385 9.644641 ] ;[ 3.080127 -0.6706665 8.566187 ] ;[ 3.080127 -0.6706665 8.566187 ] ;[ 3.429175 -0.7470093 8.631006 ] ;[ 1.3510132 -1.7427613 8.052503 ] ;[ 1.0062745 -1.7383544 8.121936 ] ;[ 0.66016847 -1.883728 8.781946 ] ;[ -3.317224 -2.079944 8.151868 ] ;[ -2.7967896 -1.427124 8.188184 ] ;[ -4.0006104 0.48862305 7.5110474 ] ;[ -4.2953615 0.6888794 8.360987 ] ;[ -4.949927 1.1248658 7.574231 ] ;[ -4.336072 1.0568116 7.13418 ] ;[ -2.5579956 1.7875245 7.0635014 ] ;[ -2.4888427 1.768396 7.182898 ] ;[ -2.4421265 1.490686 9.608752 ] ;[ -3.3503907 1.6908448 8.876001 ] ;[ -3.3914185 1.7919922 7.344202 ] ;[ -3.3914185 1.7919922 7.344202 ] ;
1
[ -3.3914185 1.7919922 7.344202 ] ;[ 1.7337646 0.5203735 9.788745 ] ;[ 2.3616576 0.80478513 10.93114 ] ;[ 3.7414675 1.3675416 11.630848 ] ;[ 5.444678 1.1908203 11.043823 ] ;[ 8.873767 1.6419067 11.986988 ] ;[ 9.472705 1.3091186 11.840955 ] ;[ 9.8060055 0.7737671 11.997473 ] ;[ 10.484973 0.61273193 11.616932 ] ;[ 1.339978 -5.418677 4.6000977 ] ;[ 1.0135498 -5.152588 5.076709 ] ;[ 0.9619263 -5.0474 5.2408323 ] ;[ -1.9425049 -5.67937 4.4144654 ] ;[ -3.0791016 -5.264539 5.5290895 ] ;[ -4.5722046 -3.0789795 5.2372923 ] ;[ -4.1436524 -2.4684448 5.04552 ] ;[ -4.5104613 -2.3158202 5.401282 ] ;[ -5.2605224 -2.2805176 6.328125 ] ;[ -5.3983154 -2.218518 6.7961183 ] ;[ -5.9268312 -1.8877076 7.6089115 ] ;[ -7.539038 0.15102538 11.587988 ] ;[ -6.5648804 1.0562744 12.4682255 ] ;[ -7.3802614 0.9620728 12.494751 ] ;[ -7.4674196 0.916919 12.9995365 ] ;[ -7.2589602 0.7796509 12.697657 ] ;[ -6.9853883 0.6259521 11.720642 ] ;[ -6.0994263 0.15921631 9.747363 ] ;[ -6.0994263 0.15921631 9.747363 ] ;[ -6.0994263 0.15921631 9.747363 ] ;
1
[ -0.56704104 0.84965825 8.264807 ] ;[ -0.36207277 0.8215821 8.768763 ] ;[ 0.35407716 0.90523684 8.775024 ] ;[ 2.3845093 1.1204224 9.360571 ] ;[ 2.835669 0.99957275 9.736816 ] ;[ 3.5358765 0.68526614 9.513782 ] ;[ 4.222632 0.5828125 8.745288 ] ;[ 5.051941 0.7629883 8.979029 ] ;[ 5.033801 0.7551025 9.10271 ] ;[ 3.6171632 -0.14682618 8.908667 ] ;[ 2.188086 -0.37557375 7.4978027 ] ;[ 0.89764404 -0.8997803 9.238599 ] ;[ 2.5980225 -0.094946295 8.827161 ] ;[ 3.1049683 0.6638672 8.352697 ] ;[ 2.5997436 0.3942627 8.431726 ] ;[ -0.9911621 -1.3854492 8.818738 ] ;[ -2.8274536 -2.0308716 9.105799 ] ;[ -2.6381593 -1.6312745 8.08888 ] ;[ -1.3361816 -0.43814698 8.236303 ] ;[ -3.7293825 -1.4400392 7.334021 ] ;[ -2.7648804 -0.5078003 8.521118 ] ;[ -2.7648804 -0.5078003 8.521118 ] ;[ -1.9140137 1.8409302 7.3530397 ] ;[ -0.92607427 1.8730347 9.537183 ] ;[ -1.4612305 1.3822998 9.823706 ] ;[ -0.5790283 1.9551636 7.157007 ] ;[ -0.5790283 1.9551636 7.157007 ] ;[ -0.5790283 1.9551636 7.157007 ] ;
1
[ -0.5790283 1.9551636 7.157007 ] ;[ 1.02323 1.3460083 9.778601 ] ;[ 1.7417114 1.201294 9.143225 ] ;[ 2.556006 1.1605957 9.223315 ] ;[ 3.0795777 1.2871583 9.467249 ] ;[ 4.2184815 1.4586182 9.756628 ] ;[ 4.4086547 1.0761597 9.373987 ] ;[ 4.1154175 0.8921509 8.950989 ] ;[ 4.0539308 0.7056763 9.033948 ] ;[ 3.8247194 0.8425415 8.649585 ] ;[ 0.7086304 0.15837403 6.6854615 ] ;[ 1.0768188 0.104772955 6.6098757 ] ;[ 1.3576905 0.093615726 6.2894535 ] ;[ 1.8188965 0.099096686 6.149976 ] ;[ 2.7630494 1.270581 8.045801 ] ;[ 1.8611573 0.45754397 6.526001 ] ;[ 1.9369264 0.57507324 7.0539308 ] ;[ 1.2404053 0.6157349 7.983655 ] ;[ -0.2817749 -0.1626709 7.5721803 ] ;[ -1.1408936 -0.6810547 7.737793 ] ;[ -1.3025513 -0.5948242 7.953247 ] ;[ -1.2522949 -0.047583006 9.108459 ] ;[ -2.649585 -0.5280884 7.3214602 ] ;[ -2.8309326 0.28343505 8.332434 ] ;[ -2.6942382 0.5472778 8.008679 ] ;[ -3.4740114 0.9270142 8.921728 ] ;[ -3.2865233 1.2774292 9.077222 ] ;[ -3.9631715 1.7801148 9.695239 ] ;[ -4.844775 1.569397 6.7134647 ] ;[ -4.844775 1.569397 6.7134647 ] ;
1
[ -0.92805177 0.7481934 8.055456 ] ;[ -0.43386233 0.9697876 8.24104 ] ;[ -0.18400879 1.0599365 7.6119266 ] ;[ -0.062243655 0.9885376 8.0082035 ] ;[ -0.25161132 0.98977053 8.363342 ] ;[ -0.42935792 0.9746826 9.083325 ] ;[ -0.10585938 1.0986694 9.018042 ] ;[ 0.17902833 1.2638428 9.094238 ] ;[ 1.6513306 1.5355469 10.879761 ] ;[ 2.0379272 1.6467164 11.096814 ] ;[ 2.4732666 1.6491456 11.6332035 ] ;[ 2.6924195 1.7148316 11.863416 ] ;[ 5.647766 1.471997 8.734143 ] ;[ 5.255249 1.1746337 9.115515 ] ;[ 2.7825928 -0.23649903 6.715955 ] ;[ 2.6180787 -0.076733395 6.915161 ] ;[ 1.7634522 -0.32126465 7.076709 ] ;[ 1.6912963 -0.42441407 7.034485 ] ;[ 1.6083496 -0.49833986 7.081946 ] ;[ 1.243982 -0.5889038 6.5293827 ] ;[ 0.07216797 -1.992627 5.8652344 ] ;[ 0.2774048 -1.7369142 6.459058 ] ;[ 0.80578613 -1.7317994 6.351233 ] ;[ -3.53667 -2.5242677 6.995056 ] ;[ -5.8643436 -0.6659546 9.488696 ] ;[ -5.3035035 0.25946045 10.155103 ] ;[ -5.0347166 0.35075682 10.400721 ] ;[ -3.969446 0.78801274 11.407007 ] ;[ -2.910315 1.3273437 12.378759 ] ;[ -2.6730957 1.4332275 11.183838 ] ;[ -2.6539185 1.6454102 9.641968 ] ;
